MEMORY
  total            14.4 MB
  struct          159.0 KB
  buffer          219.6 KB
  arena            14.0 MB, used 0.3%

SIZES
  narena                14680064
  nbuffer               224832
  nplugin               0
  maxuse_stack          5776
  maxuse_arena          47360
  maxuse_con            16
  maxuse_efc            76
  solver_nisland        1
  ncon                  3
  ne                    0
  nf                    12
  nl                    0
  nefc                  24
  nJ                    288
  nA                    0
  nisland               0
  threadpool            0

TIMER
    0:  duration =  0.073      number = 1
    1:  duration =  0.069      number = 1
    2:  duration =  0          number = 0
    3:  duration =  0.054      number = 1
    4:  duration =  0.0024     number = 1
    5:  duration =  0.0013     number = 1
    6:  duration =  0.01       number = 1
    7:  duration =  0.0039     number = 1
    8:  duration =  0.004      number = 1
    9:  duration =  0.0006     number = 1
    10:  duration =  0.042      number = 1
    11:  duration =  0.0068     number = 1
    12:  duration =  0          number = 1
    13:  duration =  0.0033     number = 1
    14:  duration =  0.027      number = 1

SOLVER STAT
  solver_nisland = 1
  solver_fwdinv =   0         0       
  ISLAND 0
    solver_niter = 2
    solver_nnz = 144
      0:  improvement =  2.7e+03     gradient =  0.72        lineslope =  1.2e-16 
          nactive = 21   nchange = 2   neval = 5   nupdate = 1
      1:  improvement =  0.79        gradient =  1.7e-15     lineslope =  0       
          nactive = 21   nchange = 0   neval = 2   nupdate = 0

ENERGY =   0         0       

TIME =  51      

QPOS
   0.62    
  -0.00074 
   0.008   
   0.92    
  -0.041   
   0.09    
   0.39    
  -0.17    
   0.16    
   0.57    
   0.68    
   0.36    
  -0.68    

QVEL
   0.039   
  -0.013   
  -0.0022  
   0.63    
  -0.35    
   0.79    
   0.72    
  -0.69    
  -2.7     
  -1.3     
  -2.9     
   1.3     

QACC_WARMSTART
  -1       
   0.35    
  -2.1     
   38      
   56      
  -16      
   28      
  -6e+02   
   1.9e+02 
   66      
   1.8e+02 
  -43      

CTRL
   0.59    
  -0.59    
  -1.8     
  -1.2     
  -1.8     
   1.2     
   0       
   0       
   0       
   0       
   0       
   0       

QFRC_APPLIED
   0       
   0       
   0       
   0       
   0       
   0       
   0       
   0       
   0       
   0       
   0       
   0       

XFRC_APPLIED
   0         0         0         0         0         0       
   0         0         0         0         0         0       
   0         0         0         0         0         0       
   0         0         0         0         0         0       
   0         0         0         0         0         0       
   0         0         0         0         0         0       
   0         0         0         0         0         0       
   0         0         0         0         0         0       

QACC
  -1       
   0.35    
  -2.1     
   38      
   56      
  -16      
   28      
  -6e+02   
   1.9e+02 
   66      
   1.8e+02 
  -43      

XPOS
   0         0         0       
   0.62     -0.00071   0.008   
   0.6      -0.046    -0.0063  
   0.56     -0.026     0.017   
   0.68      0.069     0.01    
   0.72      0.015     0.017   
   0.66      0.067     0.012   
   0.63      0.1       0.021   

XQUAT
   1         0         0         0       
   0.92     -0.042     0.09      0.38    
   0.95      0.23      0.033    -0.22    
   0.83      0.14     -0.19     -0.51    
   0.32      0.44     -0.5       0.67    
  -0.93     -0.068     0.2       0.29    
   0.63     -0.49     -0.46      0.39    
   0.45      0.065    -0.078     0.89    

XMAT
   1         0         0         0         1         0         0         0         1       
   0.69     -0.71      0.13      0.7       0.7       0.15     -0.2      -0.0077    0.98    
   0.9       0.43     -0.04     -0.4       0.8      -0.46     -0.16      0.43      0.89    
   0.41      0.79     -0.46     -0.9       0.44     -0.038     0.17      0.43      0.88    
  -0.41     -0.87      0.27     -0.011    -0.29     -0.96      0.91     -0.39      0.11    
   0.75      0.52     -0.41     -0.57      0.82     -0.011     0.33      0.24      0.91    
   0.26     -0.04     -0.96      0.95      0.21      0.25      0.19     -0.98      0.093   
  -0.58     -0.81      0.044     0.79     -0.58     -0.2       0.19     -0.08      0.98    

XIPOS
   0         0         0       
   0.62     -0.0021    0.027   
   0.58     -0.087     0.023   
   0.53     -0.038     0.023   
   0.71      0.024     0.027   
   0.76     -0.019     0.05    
   0.64      0.098     0.02    
   0.6       0.15      0.032   

XIMAT
   1         0         0         0         1         0         0         0         1       
   0.13      0.71      0.69      0.14     -0.7       0.7       0.98      0.011    -0.19    
   0.9      -0.13     -0.42     -0.41     -0.61     -0.68     -0.17      0.78     -0.6     
   0.41     -0.62     -0.67     -0.9      -0.13     -0.42      0.17      0.77     -0.61    
  -0.32     -0.95      0.035     0.0034   -0.038    -1         0.95     -0.32      0.015   
   0.51     -0.42      0.75      0.82     -0.0036   -0.57      0.24      0.91      0.34    
  -0.029    -0.013    -1         0.32     -0.95      0.0031   -0.95     -0.32      0.032   
  -0.82      0.052    -0.57     -0.57     -0.21      0.8      -0.077     0.98      0.2     

XANCHOR
   0.62     -0.00071   0.008   
   0.6      -0.046    -0.0063  
   0.56     -0.026     0.017   
   0.68      0.069     0.01    
   0.72      0.015     0.017   
   0.66      0.067     0.012   
   0.63      0.1       0.021   

XAXIS
   0         0         1       
  -0.04     -0.46      0.89    
  -0.46     -0.038     0.88    
   0.27     -0.96      0.11    
  -0.41     -0.011     0.91    
   0.96     -0.25     -0.093   
   0.044    -0.2       0.98    

GEOM_XPOS
   0         0         0       
   0.62     -0.0021    0.027   
   0.58     -0.083     0.027   
   0.54     -0.035     0.027   
   0.71      0.025     0.027   
   0.76     -0.014     0.047   
   0.64      0.097     0.02    
   0.6       0.14      0.031   

GEOM_XMAT
   1         0         0         0         1         0         0         0         1       
   0.13      0.71      0.69      0.14     -0.7       0.7       0.98      0.011    -0.19    
   0.9      -0.17     -0.41     -0.41     -0.67     -0.62     -0.17      0.72     -0.67    
   0.41     -0.68     -0.61     -0.9      -0.17     -0.41      0.17      0.72     -0.67    
  -0.41     -0.66      0.63      0.096    -0.71     -0.69      0.91     -0.22      0.35    
   0.52     -0.39      0.76      0.82     -0.02     -0.57      0.24      0.92      0.31    
  -0.072    -0.72     -0.69      0.25     -0.68      0.68     -0.96     -0.13      0.23    
  -0.82      0.033    -0.57     -0.57     -0.18      0.8      -0.078     0.98      0.17    

LIGHT_XPOS
   0         0         1.3     

LIGHT_XDIR
  -0         0        -1       

SUBTREE_COM
   0.62      0.0035    0.028   
   0.62      0.0035    0.028   
   0.58     -0.087     0.023   
   0.53     -0.038     0.023   
   0.74     -0.00071   0.04    
   0.76     -0.019     0.05    
   0.62      0.13      0.027   
   0.6       0.15      0.032   

CDOF
   0         0         0         1         0         0       
   0         0         0         0         1         0       
   0         0         0         0         0         1       
   0.69      0.7      -0.2       0.015    -0.014     0.00016 
  -0.71      0.7      -0.0077    0.014     0.014    -0.0058  
   0.13      0.15      0.98     -0.0013    0.0013   -1.3e-05 
  -0.04     -0.46      0.89     -0.06      0.025     0.01    
  -0.46     -0.038     0.88     -0.026     0.059    -0.011   
   0.27     -0.96      0.11     -0.0099   -0.011    -0.07    
  -0.41     -0.011     0.91      0.01     -0.087     0.0035  
   0.96     -0.25     -0.093    -0.0098   -0.012    -0.069   
   0.044    -0.2       0.98      0.096    -0.0098   -0.0063  

CINERT
   0         0         0         0         0         0         0         0         0         0       
   0.0011    0.0011    0.0019   -0.00049   0.00017   0.00018  -0.0049   -0.0051   -0.00052   0.9     
   6.3e-05   1.3e-05   7.4e-05  -2.7e-05  -1.6e-06  -3.2e-06  -0.00029  -0.00067  -3.4e-05   0.0074  
   1.4e-05   6.2e-05   7.4e-05  -2.8e-05  -3.1e-06  -1.6e-06  -0.00067  -0.00031  -3.3e-05   0.0074  
   1.2e-05   0.00019   0.0002   -4.1e-05   1.4e-06   3.8e-07   0.002     0.00045  -1.8e-05   0.021   
   4.1e-05   0.00063   0.00063   0.0001   -9.5e-05   1.8e-05   0.0042   -0.00066   0.00064   0.029   
   0.00019   1.1e-05   0.0002   -3.8e-05   3.1e-06   1.5e-05   0.0004    0.002    -0.00016   0.021   
   0.00064   2.8e-05   0.00066   0.00011   5.1e-06  -2.1e-05  -0.0007    0.0043    0.00013   0.029   

ACTUATOR_LENGTH
  -0.17    
   0.16    
   0.57    
   0.68    
   0.37    
  -0.68    
  -0.17    
   0.16    
   0.57    
   0.68    
   0.37    
  -0.68    

actuator_moment
--------------
       x      |
        x     |
         x    |
          x   |
           x  |
            x |
       x      |
        x     |
         x    |
          x   |
           x  |
            x |
--------------

ACTUATOR_MOMENT
     6:  1       
     7:  1       
     8:  1       
     9:  1       
    10:  1       
    11:  1       
     6:  1       
     7:  1       
     8:  1       
     9:  1       
    10:  1       
    11:  1       

CRB
   0         0         0         0         0         0         0         0         0         0       
   0.002     0.002     0.0037   -0.00041   8e-05     0.00019  -4e-17    -3.3e-19   3.9e-18   1       
   6.3e-05   1.3e-05   7.4e-05  -2.7e-05  -1.6e-06  -3.2e-06  -0.00029  -0.00067  -3.4e-05   0.0074  
   1.4e-05   6.2e-05   7.4e-05  -2.8e-05  -3.1e-06  -1.6e-06  -0.00067  -0.00031  -3.3e-05   0.0074  
   5.3e-05   0.00081   0.00083   6.2e-05  -9.4e-05   1.9e-05   0.0062   -0.00022   0.00062   0.051   
   4.1e-05   0.00063   0.00063   0.0001   -9.5e-05   1.8e-05   0.0042   -0.00066   0.00064   0.029   
   0.00083   3.9e-05   0.00086   7.3e-05   8.3e-06  -6.1e-06  -0.00029   0.0063   -3.4e-05   0.051   
   0.00064   2.8e-05   0.00066   0.00011   5.1e-06  -2.1e-05  -0.0007    0.0043    0.00013   0.029   

QM
   1         0         0         0.015     0.014    -0.0013    0.00017   7.8e-05  -0.0011    0.00089   9.9e-05  -0.0014  
   0         1         0        -0.015     0.014     0.0013   -7.8e-05  -0.00017  -4e-05     0.0015   -0.00055  -0.00098 
   0         0         1         0.00016  -0.0059   -1.3e-05  -3.2e-05   3.3e-05   0.0023    0.00042   0.0025   -0.00013 
   0.015    -0.015     0.00016   0.002    -3e-05    -0.00027  -4.7e-07  -4.3e-07  -0.00027  -0.00012   0.00028  -7.5e-05 
   0.014     0.014    -0.0059   -3e-05     0.0028    5.8e-05  -2.3e-06   2.1e-06  -0.00024   3.8e-05  -0.00024  -3.4e-05 
  -0.0013    0.0013   -1.3e-05  -0.00027   5.8e-05   0.0037    1.9e-05   1.9e-05  -7.4e-05   0.00024   4.6e-05   0.00024 
   0.00017  -7.8e-05  -3.2e-05  -4.7e-07  -2.3e-06   1.9e-05   6.2e-06   0         0         0         0         0       
   7.8e-05  -0.00017   3.3e-05  -4.3e-07   2.1e-06   1.9e-05   0         6.2e-06   0         0         0         0       
  -0.0011   -4e-05     0.0023   -0.00027  -0.00024  -7.4e-05   0         0         0.00016  -1.6e-06   0         0       
   0.00089   0.0015    0.00042  -0.00012   3.8e-05   0.00024   0         0        -1.6e-06   0.00013   0         0       
   9.9e-05  -0.00055   0.0025    0.00028  -0.00024   4.6e-05   0         0         0         0         0.00016   1.3e-06 
  -0.0014   -0.00098  -0.00013  -7.5e-05  -3.4e-05   0.00024   0         0         0         0         1.3e-06   0.00012 

QLD
   0.72      0.12      0.0033    14        5.8      -0.52      28        12       -6.5       6.6       0.71     -12      
   0.12      0.73     -0.0034   -14        6.1       0.51     -12       -28       -0.13      11       -3.3      -8.1     
   0.0033   -0.0034    0.94      0.0083    0.52     -0.063    -5.2       5.4       14        3.1       15       -1.1     
   14       -14        0.0083    0.00093   0.00066  -0.035    -0.075    -0.07     -1.7      -0.92      1.7      -0.62    
   5.8       6.1       0.52      0.00066   0.0021    0.0068   -0.38      0.35     -1.5       0.28     -1.5      -0.28    
  -0.52      0.51     -0.063    -0.035     0.0068    0.0026    3.1       3.1      -0.43      1.8       0.27      2       
   28       -12       -5.2      -0.075    -0.38      3.1       6.2e-06   0         0         0         0         0       
   12       -28        5.4      -0.07      0.35      3.1       0         6.2e-06   0         0         0         0       
  -6.5      -0.13      14       -1.7      -1.5      -0.43      0         0         0.00016  -0.012     0         0       
   6.6       11        3.1      -0.92      0.28      1.8       0         0        -0.012     0.00013   0         0       
   0.71     -3.3       15        1.7      -1.5       0.27      0         0         0         0         0.00016   0.011   
  -12       -8.1      -1.1      -0.62     -0.28      2         0         0         0         0         0.011     0.00012 

QLDIAGINV
   1.4     
   1.4     
   1.1     
   1.1e+03 
   4.8e+02 
   3.8e+02 
   1.6e+05 
   1.6e+05 
   6.1e+03 
   7.4e+03 
   6.2e+03 
   8.3e+03 

B: body-dof matrix
--------------
 xxxxxxxxxxxx |
 xxxxxxxxxxxx |
 xxxxxxx      |
 xxxxxx x     |
 xxxxxx  xx   |
 xxxxxx  xx   |
 xxxxxx    xx |
 xxxxxx    xx |
--------------

B_rownnz              12 12 7 7 8 8 8 8

B_rowadr              0 12 24 31 38 46 54 62

B_colind              0 1 2 3 4 5 6 7 8 9 10 11 0 1 2 3 4 5 6 7 8 9 10 11 0 1 2 3 4 5 6 0 1 2 3 4 5 7 0 1 2 3 4 5 8 9 0 1 2 3 4 5 8 9 0 1 2 3 4 5 10 11 0 1 2 3 4 5 10 11

C: reduced dof-dof matrix
--------------
 x            |
 xx           |
 xxx          |
 xxxx         |
 xxxxx        |
 xxxxxx       |
 xxxxxxx      |
 xxxxxx x     |
 xxxxxx  x    |
 xxxxxx  xx   |
 xxxxxx    x  |
 xxxxxx    xx |
--------------

C_rownnz              1 2 3 4 5 6 7 7 7 8 7 8

C_rowadr              0 1 3 6 10 15 21 28 35 42 50 57

C_colind              0 0 1 0 1 2 0 1 2 3 0 1 2 3 4 0 1 2 3 4 5 0 1 2 3 4 5 6 0 1 2 3 4 5 7 0 1 2 3 4 5 8 0 1 2 3 4 5 8 9 0 1 2 3 4 5 10 0 1 2 3 4 5 10 11

mapM2C                0 2 1 5 4 3 9 8 7 6 14 13 12 11 10 20 19 18 17 16 15 27 26 25 24 23 22 21 34 33 32 31 30 29 28 41 40 39 38 37 36 35 49 48 47 46 45 44 43 42 56 55 54 53 52 51 50 64 63 62 61 60 59 58 57

D: dof-dof matrix
--------------
 Dxxxxxxxxxxx |
 xDxxxxxxxxxx |
 xxDxxxxxxxxx |
 xxxDxxxxxxxx |
 xxxxDxxxxxxx |
 xxxxxDxxxxxx |
 xxxxxxD      |
 xxxxxx D     |
 xxxxxx  Dx   |
 xxxxxx  xD   |
 xxxxxx    Dx |
 xxxxxx    xD |
--------------

D_rownnz              12 12 12 12 12 12 7 7 8 8 8 8

D_rowadr              0 12 24 36 48 60 72 79 86 94 102 110

D_colind              0 1 2 3 4 5 6 7 8 9 10 11 0 1 2 3 4 5 6 7 8 9 10 11 0 1 2 3 4 5 6 7 8 9 10 11 0 1 2 3 4 5 6 7 8 9 10 11 0 1 2 3 4 5 6 7 8 9 10 11 0 1 2 3 4 5 6 7 8 9 10 11 0 1 2 3 4 5 6 0 1 2 3 4 5 7 0 1 2 3 4 5 8 9 0 1 2 3 4 5 8 9 0 1 2 3 4 5 10 11 0 1 2 3 4 5 10 11

mapM2D                0 2 5 9 14 20 27 34 41 49 56 64 2 1 4 8 13 19 26 33 40 48 55 63 5 4 3 7 12 18 25 32 39 47 54 62 9 8 7 6 11 17 24 31 38 46 53 61 14 13 12 11 10 16 23 30 37 45 52 60 20 19 18 17 16 15 22 29 36 44 51 59 27 26 25 24 23 22 21 34 33 32 31 30 29 28 41 40 39 38 37 36 35 43 49 48 47 46 45 44 43 42 56 55 54 53 52 51 50 58 64 63 62 61 60 59 58 57

mapD2M                0 13 12 26 25 24 39 38 37 36 52 51 50 49 48 65 64 63 62 61 60 78 77 76 75 74 73 72 85 84 83 82 81 80 79 92 91 90 89 88 87 86 101 100 99 98 97 96 95 94 108 107 106 105 104 103 102 117 116 115 114 113 112 111 110

QDERIV
   0         0         0         0         0         0         0         0         0         0         0         0       
   0         0         0         0         0         0         0         0         0         0         0         0       
   0         0         0         0         0         0         0         0         0         0         0         0       
   0         0         0         0         0         0         0         0         0         0         0         0       
   0         0         0         0         0         0         0         0         0         0         0         0       
   0         0         0         0         0         0         0         0         0         0         0         0       
   0         0         0         0         0         0        -2         0         0         0         0         0       
   0         0         0         0         0         0         0        -2         0         0         0         0       
   0         0         0         0         0         0         0         0        -2         0         0         0       
   0         0         0         0         0         0         0         0         0        -2         0         0       
   0         0         0         0         0         0         0         0         0         0        -2         0       
   0         0         0         0         0         0         0         0         0         0         0        -2       

QLU
   0         0         0         0         0         0         0         0         0         0         0         0       
   0         0         0         0         0         0         0         0         0         0         0         0       
   0         0         0         0         0         0         0         0         0         0         0         0       
   0         0         0         0         0         0         0         0         0         0         0         0       
   0         0         0         0         0         0         0         0         0         0         0         0       
   0         0         0         0         0         0         0         0         0         0         0         0       
   0         0         0         0         0         0         0         0         0         0         0         0       
   0         0         0         0         0         0         0         0         0         0         0         0       
   0         0         0         0         0         0         0         0         0         0         0         0       
   0         0         0         0         0         0         0         0         0         0         0         0       
   0         0         0         0         0         0         0         0         0         0         0         0       
   0         0         0         0         0         0         0         0         0         0         0         0       

CONTACT
  0:
     dim           3
     geoms         floor : 1
     exclude       0
     efc_address   12
     solref         0.02      1       
     solimp         0.9       0.95      0.001     0.5       2       
     dist          -0.00045 
     includemargin  0       
     pos            0.63      0.053    -0.00022 
     frame          0         0         1         0         1         0        -1         0         0       
     friction       1         1         0.5       0.5       0.5     
     mu             1       
  1:
     dim           3
     geoms         floor : 2
     exclude       0
     efc_address   16
     solref         0.02      1       
     solimp         0.9       0.95      0.001     0.5       2       
     dist          -0.00011 
     includemargin  0       
     pos            0.58     -0.096    -5.6e-05 
     frame          0         0         1         0         1         0        -1         0         0       
     friction       1         1         0.5       0.5       0.5     
     mu             1       
  2:
     dim           3
     geoms         floor : 3
     exclude       0
     efc_address   20
     solref         0.02      1       
     solimp         0.9       0.95      0.001     0.5       2       
     dist          -2.2e-05 
     includemargin  0       
     pos            0.52     -0.043    -1.1e-05 
     frame          0         0         1         0         1         0        -1         0         0       
     friction       1         1         0.5       0.5       0.5     
     mu             1       

EFC_TYPE
  1
  1
  1
  1
  1
  1
  1
  1
  1
  1
  1
  1
  6
  6
  6
  6
  6
  6
  6
  6
  6
  6
  6
  6

EFC_ID
  0
  1
  2
  3
  4
  5
  6
  7
  8
  9
  10
  11
  0
  0
  0
  0
  1
  1
  1
  1
  2
  2
  2
  2

EFC_J
   1         0         0         0         0         0         0         0         0         0         0         0       
   0         1         0         0         0         0         0         0         0         0         0         0       
   0         0         1         0         0         0         0         0         0         0         0         0       
   0         0         0         1         0         0         0         0         0         0         0         0       
   0         0         0         0         1         0         0         0         0         0         0         0       
   0         0         0         0         0         1         0         0         0         0         0         0       
   0         0         0         0         0         0         1         0         0         0         0         0       
   0         0         0         0         0         0         0         1         0         0         0         0       
   0         0         0         0         0         0         0         0         1         0         0         0       
   0         0         0         0         0         0         0         0         0         1         0         0       
   0         0         0         0         0         0         0         0         0         0         1         0       
   0         0         0         0         0         0         0         0         0         0         0         1       
   0         1         1         0.035    -0.05      0.015     0         0         0         0         0         0       
   0        -1         1         0.027    -0.038    -0.0037    0         0         0         0         0         0       
  -1         0         1         0.026    -0.039     0.059     0         0         0         0         0         0       
   1         0         1         0.035    -0.049    -0.048     0         0         0         0         0         0       
   0         1         1        -0.024     0.091    -0.046    -0.022     0         0         0         0         0       
   0        -1         1        -0.051     0.1       0.032     0.0097    0         0         0         0         0       
  -1         0         1        -0.013     0.1      -0.099    -0.048     0         0         0         0         0       
   1         0         1        -0.062     0.09      0.086     0.035     0         0         0         0         0       
   0         1         1         0.062     0.092    -0.084     0        -0.035     0         0         0         0       
   0        -1         1         0.013     0.1       0.1       0         0.048     0         0         0         0       
  -1         0         1         0.051     0.1      -0.032     0        -0.0094    0         0         0         0       
   1         0         1         0.023     0.091     0.049     0         0.023     0         0         0         0       

EFC_POS
   0       
   0       
   0       
   0       
   0       
   0       
   0       
   0       
   0       
   0       
   0       
   0       
  -0.00045 
  -0.00045 
  -0.00045 
  -0.00045 
  -0.00011 
  -0.00011 
  -0.00011 
  -0.00011 
  -2.2e-05 
  -2.2e-05 
  -2.2e-05 
  -2.2e-05 

EFC_MARGIN
   0       
   0       
   0       
   0       
   0       
   0       
   0       
   0       
   0       
   0       
   0       
   0       
   0       
   0       
   0       
   0       
   0       
   0       
   0       
   0       
   0       
   0       
   0       
   0       

EFC_FRICTIONLOSS
   0.1     
   0.1     
   0.1     
   0.1     
   0.1     
   0.1     
   0.1     
   0.1     
   0.1     
   0.1     
   0.1     
   0.1     
   0       
   0       
   0       
   0       
   0       
   0       
   0       
   0       
   0       
   0       
   0       
   0       

EFC_DIAGAPPROX
   1.3     
   1.3     
   1.3     
   7.6e+02 
   7.6e+02 
   7.6e+02 
   1.7e+05 
   1.7e+05 
   3.7e+04 
   8.2e+03 
   3.5e+04 
   9e+03   
   4.2     
   4.2     
   4.2     
   4.2     
   1.6e+02 
   1.6e+02 
   1.6e+02 
   1.6e+02 
   1.6e+02 
   1.6e+02 
   1.6e+02 
   1.6e+02 

EFC_KBIP
   0         1.1e+02   0.9       0       
   0         1.1e+02   0.9       0       
   0         1.1e+02   0.9       0       
   0         1.1e+02   0.9       0       
   0         1.1e+02   0.9       0       
   0         1.1e+02   0.9       0       
   0         1.1e+02   0.9       0       
   0         1.1e+02   0.9       0       
   0         1.1e+02   0.9       0       
   0         1.1e+02   0.9       0       
   0         1.1e+02   0.9       0       
   0         1.1e+02   0.9       0       
   2.8e+03   1.1e+02   0.92     -89      
   2.8e+03   1.1e+02   0.92     -89      
   2.8e+03   1.1e+02   0.92     -89      
   2.8e+03   1.1e+02   0.92     -89      
   2.8e+03   1.1e+02   0.9      -22      
   2.8e+03   1.1e+02   0.9      -22      
   2.8e+03   1.1e+02   0.9      -22      
   2.8e+03   1.1e+02   0.9      -22      
   2.8e+03   1.1e+02   0.9      -4.4     
   2.8e+03   1.1e+02   0.9      -4.4     
   2.8e+03   1.1e+02   0.9      -4.4     
   2.8e+03   1.1e+02   0.9      -4.4     

EFC_D
   7.1     
   7.1     
   7.1     
   0.012   
   0.012   
   0.012   
   5.4e-05 
   5.4e-05 
   0.00024 
   0.0011  
   0.00025 
   0.001   
   2.7     
   2.7     
   2.7     
   2.7     
   0.059   
   0.059   
   0.059   
   0.059   
   0.058   
   0.058   
   0.058   
   0.058   

EFC_R
   0.14    
   0.14    
   0.14    
   85      
   85      
   85      
   1.8e+04 
   1.8e+04 
   4.2e+03 
   9.1e+02 
   3.9e+03 
   1e+03   
   0.36    
   0.36    
   0.36    
   0.36    
   17      
   17      
   17      
   17      
   17      
   17      
   17      
   17      

ACTUATOR_VELOCITY
   0.72    
  -0.69    
  -2.7     
  -1.3     
  -2.9     
   1.3     
   0.72    
  -0.69    
  -2.7     
  -1.3     
  -2.9     
   1.3     

CVEL
   0         0         0         0         0         0       
   0.78      0.24      0.7       0.042    -0.028     0.003   
   0.75     -0.092     1.3      -0.00088  -0.0096    0.01    
   1.1       0.26      0.098     0.06     -0.068     0.011   
   0.061     2.8       0.42      0.069     0.00069   0.19    
   0.58      2.8      -0.76      0.056     0.11      0.19    
  -2         0.96      0.98      0.071     0.0075    0.2     
  -2         0.71      2.2       0.19     -0.0052    0.2     

CDOF_DOT
   0         0         0         0         0         0       
   0         0         0         0         0         0       
   0         0         0         0         0         0       
  -0         0         0         0.0025    0.0085    0.039   
  -0         0         0        -0.00036  -0.00018   0.018   
   0         0         0        -0.015    -0.04      0.0079  
   0.53     -0.72     -0.34     -0.038    -0.088     0.013   
   0.24     -1         0.08     -0.068    -0.049     0.038   
   0.7       0.1      -0.81     -0.0091    0.043    -0.039   
   2.6      -0.23      1.1       0.049    -0.14     -0.035   
   0.15      0.75     -0.42     -0.0045    0.054     0.009   
   1.1       2         0.36      0.051     0.02     -0.086   

QFRC_BIAS
  -0.021   
  -0.0073  
   10      
   0.0013  
  -0.06    
   0.002   
  -0.00032 
   0.00032 
   0.023   
   0.0039  
   0.025   
  -0.00047 

QFRC_SPRING
   0       
   0       
   0       
   0       
   0       
   0       
   0       
   0       
   0       
   0       
   0       
   0       

QFRC_DAMPER
   0       
   0       
   0       
   0       
   0       
   0       
   0       
   0       
   0       
   0       
   0       
   0       

QFRC_GRAVCOMP
   0       
   0       
   0       
   0       
   0       
   0       
   0       
   0       
   0       
   0       
   0       
   0       

QFRC_FLUID
   0       
   0       
   0       
   0       
   0       
   0       
   0       
   0       
   0       
   0       
   0       
   0       

QFRC_PASSIVE
   0       
   0       
   0       
   0       
   0       
   0       
   0       
   0       
   0       
   0       
   0       
   0       

EFC_VEL
   0.04    
  -0.015   
   0.00068 
   0.56    
  -0.39    
   0.83    
   0.72    
  -0.69    
  -2.7     
  -1.3     
  -2.9     
   1.3     
   0.037   
   0.043   
   0.039   
   0.041   
  -0.12    
  -0.019   
  -0.2     
   0.068   
  -0.062   
   0.033   
  -0.072   
   0.043   

EFC_AREF
  -4.3     
   1.6     
  -0.072   
  -59      
   41      
  -87      
  -76      
   72      
   2.8e+02 
   1.4e+02 
   3.1e+02 
  -1.4e+02 
  -2.8     
  -3.4     
  -3       
  -3.2     
   13      
   2.3     
   22      
  -6.8     
   6.6     
  -3.4     
   7.6     
  -4.5     

SUBTREE_LINVEL
   0         0         0       
   0         0         0       
   0         0         0       
   0         0         0       
   0         0         0       
   0         0         0       
   0         0         0       
   0         0         0       

SUBTREE_ANGMOM
   0         0         0       
   0         0         0       
   0         0         0       
   0         0         0       
   0         0         0       
   0         0         0       
   0         0         0       
   0         0         0       

ACTUATOR_FORCE
   1.5     
  -1.5     
  -5.4     
  -2.6     
  -5.8     
   2.6     
  -1.4     
   1.4     
   5.4     
   2.6     
   5.8     
  -2.6     

QFRC_ACTUATOR
   0       
   0       
   0       
   0       
   0       
   0       
   0.066   
  -0.12    
   0.0039  
  -0.072   
   0.011   
   0.079   

QFRC_SMOOTH
   0.021   
   0.0073  
  -10      
  -0.0013  
   0.06    
  -0.002   
   0.066   
  -0.12    
  -0.02    
  -0.076   
  -0.014   
   0.08    

QACC_SMOOTH
   1.4     
  -3       
  -8.7     
  -91      
   69      
   46      
   1e+04   
  -1.9e+04 
  -21      
  -7e+02   
   2.8e+02 
   5.1e+02 

EFC_B
   5.7     
  -4.6     
  -8.6     
  -32      
   28      
   1.3e+02 
   1.1e+04 
  -1.9e+04 
  -3e+02   
  -8.3e+02 
  -30      
   6.5e+02 
  -15      
  -7.6     
  -9.5     
  -13      
  -2.5e+02 
   1.1e+02 
  -5.3e+02 
   3.9e+02 
   6.4e+02 
  -9e+02   
   1.6e+02 
  -4.2e+02 

EFC_FORCE
  -0.1     
   0.1     
   0.1     
  -0.1     
  -0.1     
  -0.1     
  -0.0056  
   0.037   
   0.023   
   0.077   
   0.033   
  -0.092   
   1.9     
   0.48    
   0.75    
   1.7     
   0.59    
   0.072   
   1       
   0       
   0       
   1.4     
   0       
   0.41    

EFC_STATE
  3
  2
  2
  3
  3
  3
  1
  1
  1
  1
  1
  1
  1
  1
  1
  1
  1
  1
  1
  0
  0
  1
  0
  1

QFRC_CONSTRAINT
   0.2     
   0.71    
   8.4     
   0.055   
   0.016   
  -0.075   
  -0.067   
   0.11    
   0.023   
   0.077   
   0.033   
  -0.092   

QFRC_INVERSE
   0       
   0       
   0       
   0       
   0       
   0       
   0       
   0       
   0       
   0       
   0       
   0       

CACC
   0         0         0         0         0         0       
   0         0         0         0         0         0       
   0         0         0         0         0         0       
   0         0         0         0         0         0       
   0         0         0         0         0         0       
   0         0         0         0         0         0       
   0         0         0         0         0         0       
   0         0         0         0         0         0       

CFRC_INT
   0         0         0         0         0         0       
   0         0         0         0         0         0       
   0         0         0         0         0         0       
   0         0         0         0         0         0       
   0         0         0         0         0         0       
   0         0         0         0         0         0       
   0         0         0         0         0         0       
   0         0         0         0         0         0       

CFRC_EXT
   0         0         0         0         0         0       
   0         0         0         0         0         0       
   0         0         0         0         0         0       
   0         0         0         0         0         0       
   0         0         0         0         0         0       
   0         0         0         0         0         0       
   0         0         0         0         0         0       
   0         0         0         0         0         0       

